5.2697801590e-01
5.2375268936e-01
5.2639019489e-01
5.1794844866e-01
5.3275799751e-01
4.9880778790e-01
5.3103780746e-01
5.0838595629e-01
5.2959442139e-01
5.0964987278e-01
5.3485578299e-01
5.1209753752e-01
5.2410489321e-01
5.1831829548e-01
4.9659195542e-01
5.1328247786e-01
5.3773605824e-01
4.9499347806e-01
5.2637881041e-01
5.2627766132e-01
5.0366592407e-01
5.3472292423e-01
5.0130254030e-01
4.7675696015e-01
5.6802570820e-01
5.3012424707e-01
4.9384301901e-01
5.0289922953e-01
5.1573026180e-01
5.1606833935e-01
5.3317779303e-01
5.1987522840e-01
4.9558699131e-01
4.9695220590e-01
5.1385992765e-01
5.0741028786e-01
4.9809664488e-01
4.9880731106e-01
5.0239169598e-01
4.9775117636e-01
5.0012409687e-01
5.0006711483e-01
4.9895441532e-01
5.0757813454e-01
4.9487119913e-01
5.3154134750e-01
5.2280402184e-01
5.2287018299e-01
5.0261223316e-01
5.5244618654e-01
5.0993537903e-01
5.4551947117e-01
5.2231818438e-01
5.0156599283e-01
5.2527028322e-01
5.1247185469e-01
5.0293225050e-01
5.4561746120e-01
5.2280521393e-01
5.0506597757e-01
4.9584648013e-01
5.0349700451e-01
5.2808487415e-01
5.6721806526e-01
5.1144039631e-01
5.6909996271e-01
5.4038453102e-01
5.3994411230e-01
5.5399930477e-01
5.4192978144e-01
5.2989882231e-01
4.8156028986e-01
4.9723169208e-01
5.0994026661e-01
4.8862802982e-01
4.8719865084e-01
5.2568793297e-01
5.0556987524e-01
5.0028008223e-01
4.9754339457e-01
5.0980383158e-01
5.0497561693e-01
4.9877682328e-01
5.0782316923e-01
5.1334822178e-01
5.0049024820e-01
5.0608909130e-01
5.0843435526e-01
4.9554681778e-01
4.8846083879e-01
4.9240219593e-01
4.7414138913e-01
5.1558321714e-01
5.2450597286e-01
5.3525578976e-01
5.2303332090e-01
4.9546355009e-01
5.0649875402e-01
5.1857614517e-01
4.8811450601e-01
4.8613625765e-01
4.8417460918e-01
4.8762112856e-01
4.9432536960e-01
5.1223522425e-01
4.9458926916e-01
5.0093674660e-01
4.9768403172e-01
4.9400153756e-01
4.9474656582e-01
4.9989676476e-01
4.9773496389e-01
4.9454864860e-01
5.0886434317e-01
4.8894703388e-01
5.1245474815e-01
5.5908781290e-01
5.0997412205e-01
4.9480333924e-01
5.1494032145e-01
5.1235789061e-01
5.1801359653e-01
5.0920462608e-01
4.9689972401e-01
5.1003909111e-01
5.1068669558e-01
4.9437215924e-01
4.9397861958e-01
4.7792726755e-01
4.8782020807e-01
4.9482440948e-01
4.8575699329e-01
4.9182298779e-01
4.9333748221e-01
4.9197018147e-01
4.9562281370e-01
4.8981082439e-01
4.8456341028e-01
4.8637276888e-01
4.8398381472e-01
4.9182942510e-01
5.0924497843e-01
5.3684532642e-01
4.9410235882e-01
4.9788060784e-01
4.9625986814e-01
5.0872993469e-01
4.9366551638e-01
4.9460548162e-01
5.1243627071e-01
5.0244849920e-01
4.8574969172e-01
5.1160764694e-01
4.8931840062e-01
5.0104576349e-01
4.8728525639e-01
4.9728068709e-01
4.8395621777e-01
4.8123800755e-01
4.9732130766e-01
4.7520244122e-01
4.9085268378e-01
4.9484509230e-01
4.9132117629e-01
4.9500915408e-01
4.9331489205e-01
4.9081668258e-01
4.9395024776e-01
4.8347628117e-01
4.7379699349e-01
4.9535161257e-01
4.8479130864e-01
4.8285594583e-01
4.9489378929e-01
4.9720379710e-01
5.0133174658e-01
4.9918356538e-01
4.9214380980e-01
4.9353846908e-01
5.4275530577e-01
5.1474142075e-01
5.2180719376e-01
5.4442507029e-01
5.2645051479e-01
5.3233975172e-01
5.4467785358e-01
5.4604089260e-01
5.4779636860e-01
5.2788299322e-01
5.3287696838e-01
5.1049143076e-01
5.1286011934e-01
4.8975214362e-01
5.0209552050e-01
4.8703521490e-01
5.0127828121e-01
5.1436102390e-01
4.9877676368e-01
5.1067888737e-01
5.3272002935e-01
4.9106395245e-01
5.2278119326e-01
5.1992952824e-01
5.5696451664e-01
5.4577547312e-01
5.1650613546e-01
5.1461720467e-01
5.4961562157e-01
5.0431060791e-01
4.8780366778e-01
5.2334511280e-01
5.3392755985e-01
5.4216080904e-01
5.2009141445e-01
5.2187317610e-01
5.4253417253e-01
5.1137870550e-01
4.7021353245e-01
5.0532972813e-01
5.0240248442e-01
4.9148976803e-01
4.8457700014e-01
4.9801826477e-01
4.9126693606e-01
5.0378072262e-01
5.1092910767e-01
5.1121234894e-01
5.2857077122e-01
5.1907843351e-01
5.2540981770e-01
5.2549570799e-01
5.0958216190e-01
5.3903853893e-01
5.1740133762e-01
5.3499144316e-01
5.2274709940e-01
5.3535807133e-01
5.1466214657e-01
5.3170710802e-01
5.9139698744e-01
5.0025194883e-01
5.0689578056e-01
4.9578824639e-01
5.0031691790e-01
5.3024369478e-01
5.3572428226e-01
4.7206026316e-01
5.1014256477e-01
5.1531565189e-01
5.1383131742e-01
5.7660079002e-01
5.2009654045e-01
5.0465989113e-01
5.3677058220e-01
5.3836828470e-01
5.1766663790e-01
4.9204123020e-01
5.2826195955e-01
5.0540876389e-01
5.0781530142e-01
4.7610828280e-01
5.0779491663e-01
4.8927721381e-01
4.9475756288e-01
4.8986452818e-01
5.0103002787e-01
5.1329225302e-01
4.9034950137e-01
4.8888993263e-01
4.9104735255e-01
4.9567079544e-01
5.0717538595e-01
4.9544093013e-01
5.0082039833e-01
4.9711373448e-01
4.8730763793e-01
4.9285840988e-01
4.8659110069e-01
5.1068168879e-01
4.9253371358e-01
5.0152778625e-01
4.9756616354e-01
4.9514311552e-01
4.9433693290e-01
4.9077558517e-01
4.9812981486e-01
4.9433603883e-01
5.1305866241e-01
4.8480516672e-01
5.1740133762e-01
5.2095490694e-01
5.1958513260e-01
5.0690710545e-01
5.1081985235e-01
5.4751455784e-01
5.3358411789e-01
5.0255566835e-01
4.6563911438e-01
4.9691861868e-01
5.1132255793e-01
5.7965469360e-01
5.0368285179e-01
4.7438418865e-01
5.1226484776e-01
5.3174060583e-01
4.7795009613e-01
5.0980740786e-01
5.0270241499e-01
5.1570194960e-01
5.4333853722e-01
5.3893798590e-01
4.6514040232e-01
5.7192277908e-01
4.7104778886e-01
5.8827990294e-01
5.4378265142e-01
5.6172811985e-01
5.2055615187e-01
5.0481939316e-01
4.8366475105e-01
4.9069866538e-01
5.5312049389e-01
4.8292383552e-01
5.0323837996e-01
4.8952499032e-01
4.7873136401e-01
4.8733791709e-01
5.0164449215e-01
4.8975902796e-01
4.9156978726e-01
4.9557346106e-01
4.9797117710e-01
4.9957153201e-01
5.0570178032e-01
4.9897471070e-01
5.0365412235e-01
5.1123923063e-01
4.9962484837e-01
4.9676004052e-01
4.9608784914e-01
5.1368892193e-01
4.9119347334e-01
5.0083935261e-01
5.2971947193e-01
4.9975433946e-01
4.8702806234e-01
4.8625239730e-01
4.7978612781e-01
5.0498354435e-01
4.9858430028e-01
4.8961144686e-01
5.0289493799e-01
4.9177369475e-01
5.0306278467e-01
4.9547034502e-01
4.9446588755e-01
4.9406164885e-01
5.1051598787e-01
4.9938863516e-01
5.2387094498e-01
5.0888782740e-01
4.9609795213e-01
4.9892437458e-01
5.1951104403e-01
5.5481731892e-01
4.9580690265e-01
4.9962148070e-01
5.1956897974e-01
4.9878346920e-01
4.8979297280e-01
5.1818209887e-01
5.1004147530e-01
5.2346134186e-01
5.2905619144e-01
5.0722408295e-01
5.1293528080e-01
5.0249558687e-01
5.0574845076e-01
4.9637597799e-01
4.9860504270e-01
5.0567483902e-01
4.9779811502e-01
4.9644997716e-01
5.0089079142e-01
4.8058995605e-01
5.0406700373e-01
4.9143075943e-01
5.1035749912e-01
5.2202266455e-01
5.1727104187e-01
4.8551875353e-01
5.2515846491e-01
4.9424424767e-01
5.1160883904e-01
4.9625208974e-01
5.0043386221e-01
5.0313329697e-01
5.1568913460e-01
5.0464218855e-01
4.7154137492e-01
5.0908130407e-01
5.2509558201e-01
4.9434420466e-01
4.9604171515e-01
4.9726545811e-01
4.8730546236e-01
4.9147504568e-01
4.9756944180e-01
4.9062994123e-01
4.9197328091e-01
4.7738263011e-01
4.9401539564e-01
5.1437836885e-01
4.9583575130e-01
4.8912441730e-01
4.9664652348e-01
5.0070226192e-01
4.8660531640e-01
5.0455594063e-01
4.9810761213e-01
4.9129739404e-01
4.8090416193e-01
5.0854289532e-01
5.1050841808e-01
5.1588976383e-01
5.0207412243e-01
5.5722361803e-01
5.4409176111e-01
5.0981736183e-01
5.1583737135e-01
5.0736188889e-01
4.9407848716e-01
5.0260841846e-01
5.0622457266e-01
5.2700400352e-01
5.4719895124e-01
5.1819288731e-01
5.2886420488e-01
5.4426914454e-01
5.0610917807e-01
5.0541126728e-01
5.1584458351e-01
5.0991898775e-01
5.0230485201e-01
4.8401263356e-01
4.8442652822e-01
4.8902443051e-01
4.9676975608e-01
4.9162191153e-01
4.8292067647e-01
4.8679295182e-01
5.2032029629e-01
4.8878392577e-01
5.3684014082e-01
5.2380836010e-01
5.1331424713e-01
5.0343590975e-01
5.1446288824e-01
5.0749397278e-01
5.1085674763e-01
5.0832998753e-01
5.0149285793e-01
5.0385808945e-01
